
%tablas de huffman standard

%la tabla para el NUMERO DE BITS del coeficiente DC diferencial de la LUMINANCIA
HUFF_DC_Y= cell(12);   %la posicion del string es el codigo empezando por cero
HUFF_DC_Y = {
'00', % codigo 0
'010', % codigo 1
'011', % codigo 2, et.
'100',

'101',
'110',
'1110',
'11110',

'111110',
'1111110',
'11111110',
'111111110'
};


huff_spec_table_bits_DC_Y=[
0  % cantidad de codigos de 1 bit de longitud
1  % cantidad de codigos de 2 bits de longitud
5
1  %4
1  
1  %6
1
1
1  %9
0
0
0 %12
0 
0
0 %15
0];

huff_spec_table_codes_DC_Y=[
%de 2 bit
0
%de 3 bits 5 codigos
1
2
3
4
5
6   %de 4 bits 1 codigo
7   %de 5 bits 1 codigo
8   %de 6 bits 1 codigo
9   %de 7 bits 1 codigo
10   %de 8 bits 1 codigo
11];   %de 9 bits 1 codigo



%la tabla para el NUMERO DE BITS del coeficiente DC de la CROMINANCIA
HUFF_DC_CROMA= cell(12);   %la posicion del string es el codigo empezando por cero
HUFF_DC_CROMA = {
'00', % codigo 0
'01', % codigo 1
'10', % codigo 2
'110', % etc
'1110',
'11110',
'111110',
'1111110',
'11111110',
'111111110',
'1111111110',
'11111111110'};
 
 
huff_spec_table_bits_DC_CROMA=[
0  % cantidad de codigos de 1 bit de longitud
3  % cantidad de codigos de 2 bits de longitud
1
1  %4
1  
1  %6
1
1
1  %9
1
1
0 %12
0 
0
0 %15
0];

huff_spec_table_codes_DC_CROMA=[
0   %de 2 bit 3 codigos
1
2
3   %de 3 bits 1 codigo
4   %de 4 bits 1 codigo
5   %de 5 bits 1 codigo
6   %de 6 bits 1 codigo
7   %de 7 bits 1 codigo
8   %de 8 bits 1 codigo
9   %de 9 bits 1 codigo
10   %de 10 bits 1 codigo
11];   %de 11 bits 1 codigo


HUFF_AC_Y={
'1010',  %0x0
'00',
'01',
'100',
'1011',
'11010',
'1111000',
'11111000',
'1111110110',
'1111111110000010',
'1111111110000011',
'',                
'',                
'',                
'',                
'',                         
'',    % 0x10            
'1100',
'11011',
'1111001',
'111110110',
'11111110110',
'1111111110000100',
'1111111110000101',
'1111111110000110',
'1111111110000111',
'1111111110001000',
'',                
'',                
'',                
'',                
'',                         
'',    % 0x20            
'11100',
'11111001',
'1111110111',
'111111110100',
'1111111110001001',
'1111111110001010',
'1111111110001011',
'1111111110001100',
'1111111110001101',
'1111111110001110',
'',                
'',                
'',                
'',                
'',                         
'',    % 0x30            
'111010',
'111110111',
'111111110101',
'1111111110001111',
'1111111110010000',
'1111111110010001',
'1111111110010010',
'1111111110010011',
'1111111110010100',
'1111111110010101',
'',                
'',                
'',                
'',                
'',                         
'',    % 0x40            
'111011',
'1111111000',
'1111111110010110',
'1111111110010111',
'1111111110011000',
'1111111110011001',
'1111111110011010',
'1111111110011011',
'1111111110011100',
'1111111110011101',
'',                
'',                
'',                
'',                
'',                         
'',    % 0x50            
'1111010',
'11111110111',
'1111111110011110',
'1111111110011111',
'1111111110100000',
'1111111110100001',
'1111111110100010',
'1111111110100011',
'1111111110100100',
'1111111110100101',
'',                
'',                
'',                
'',                
'',                         
'',    % 0x60            
'1111011',
'111111110110',
'1111111110100110',
'1111111110100111',
'1111111110101000',
'1111111110101001',
'1111111110101010',
'1111111110101011',
'1111111110101100',
'1111111110101101',
'',                
'',                
'',                
'',                
'',                         
'',    % 0x70            
'11111010',
'111111110111',
'1111111110101110',
'1111111110101111',
'1111111110110000',
'1111111110110001',
'1111111110110010',
'1111111110110011',
'1111111110110100',
'1111111110110101',
'',                
'',                
'',                
'',                
'',                         
'',    % 0x80            
'111111000',
'111111111000000',
'1111111110110110',
'1111111110110111',
'1111111110111000',
'1111111110111001',
'1111111110111010',
'1111111110111011',
'1111111110111100',
'1111111110111101',
'',                
'',                
'',                
'',                
'',                         
'',    % 0x90            
'111111001',
'1111111110111110',
'1111111110111111',
'1111111111000000',
'1111111111000001',
'1111111111000010',
'1111111111000011',
'1111111111000100',
'1111111111000101',
'1111111111000110',
'',                
'',                
'',                
'',                
'',                         
'',    % 0xA0            
'111111010',
'1111111111000111',
'1111111111001000',
'1111111111001001',
'1111111111001010',
'1111111111001011',
'1111111111001100',
'1111111111001101',
'1111111111001110',
'1111111111001111',
'',                
'',                
'',                
'',                
'',                         
'',    % 0xB0            
'1111111001',
'1111111111010000',
'1111111111010001',
'1111111111010010',
'1111111111010011',
'1111111111010100',
'1111111111010101',
'1111111111010110',
'1111111111010111',
'1111111111011000',
'',                
'',                
'',                
'',                
'',                         
'',    % 0xC0            
'1111111010',
'1111111111011001',
'1111111111011010',
'1111111111011011',
'1111111111011100',
'1111111111011101',
'1111111111011110',
'1111111111011111',
'1111111111100000',
'1111111111100001',
'',                
'',                
'',                
'',                
'',                         
'',    % 0xD0            
'11111111000',
'1111111111100010',
'1111111111100011',
'1111111111100100',
'1111111111100101',
'1111111111100110',
'1111111111100111',
'1111111111101000',
'1111111111101001',
'1111111111101010',
'',                
'',                
'',                
'',                
'',                         
'',    % 0xE0            
'1111111111101011',
'1111111111101100',
'1111111111101101',
'1111111111101110',
'1111111111101111',
'1111111111110000',
'1111111111110001',
'1111111111110010',
'1111111111110011',
'1111111111110100',
'',                
'',                
'',                
'',                
'',                            
'11111111001', % 0xF0 
'1111111111110101',
'1111111111110110',
'1111111111110111',
'1111111111111000',
'1111111111111001',
'1111111111111010',
'1111111111111011',
'1111111111111100',
'1111111111111101',
'1111111111111110'};


huff_spec_table_bits_AC_Y=[
0  % cantidad de codigos de 1 bit de longitud
2  % cantidad de codigos de 2 bits de longitud
1
3  %4
3  
2  %6
4
3
5  %9
5
4
4 %12
0 
0
1 %15
125];  %en hex 7D
   

%huff_spec_table_codes_AC_Y=cell(162);
      %son strings de caracteres hexadecimales que luego pasare a numeros para que se ecriban a 1 byte por valor
